rat,diet,cond1-cas1,cond1-malt1,cond1-cas2,cond1-malt2,cond1-cas-all,cond1-malt-all
PPP1-1,PR,2344.0,1826.0,3722.0,2826.0,6066.0,4652.0
PPP1-2,PR,1543.0,2665.0,2604.0,2952.0,4147.0,5617.0
PPP1-3,PR,1972.0,2433.0,2037.0,2504.0,4009.0,4937.0
PPP1-4,PR,2474.0,2691.0,2933.0,2888.0,5407.0,5579.0
PPP1-5,NR,1164.0,1627.0,1161.0,1588.0,2325.0,3215.0
PPP1-6,NR,1871.0,3043.0,2289.0,3347.0,4160.0,6390.0
PPP1-7,NR,2325.0,2154.0,2516.0,3174.0,4841.0,5328.0
PPP3-2,NR,1424.0,2514.0,1489.0,4177.0,2913.0,6691.0
PPP3-3,PR,1992.0,2493.0,2378.0,2832.0,4370.0,5325.0
PPP3-4,PR,2219.0,1228.0,2750.0,3129.0,4969.0,4357.0
PPP3-5,NR,1903.0,1593.0,3143.0,1678.0,5046.0,3271.0
PPP3-8,PR,2886.0,2346.0,2237.0,3197.0,5123.0,5543.0
PPP4-1,NR,2242.0,816.0,2775.0,1943.0,5017.0,2759.0
PPP4-4,PR,1749.0,2899.0,2475.0,3408.0,4224.0,6307.0
PPP4-6,PR,1488.0,2314.0,1666.0,1993.0,3154.0,4307.0
